3.3007508204e+00,3.1688533632e+01,3.8973054354e+01
3.1480700014e+00,3.1736309705e+01,4.4567344030e+01
2.8169047950e+00,3.2721689592e+01,3.7083573385e+01
3.4066391168e+00,3.3482431742e+01,4.2320786275e+01
3.4930461765e+00,3.2910942521e+01,4.2383141473e+01
3.0242412386e+00,3.2972965314e+01,4.5122496606e+01
3.0978918031e+00,3.2579844954e+01,4.5119382672e+01
3.4126236584e+00,3.3992552593e+01,3.9652484706e+01
3.4339791086e+00,3.3778914977e+01,4.0517474648e+01
2.5674688756e+00,3.4676291660e+01,3.4849335946e+01
2.9139983985e+00,3.4618158366e+01,3.7201237509e+01
3.0950214531e+00,3.4954683116e+01,3.6549771604e+01
2.5829291972e+00,3.4676025490e+01,3.6849355944e+01
3.0089125445e+00,3.5729709078e+01,3.4427900104e+01
3.3358567117e+00,3.6209840181e+01,4.4173917263e+01
3.4889486967e+00,3.7289631747e+01,3.3144778157e+01
3.4948053175e+00,3.6910984664e+01,4.6976890684e+01
3.1364043026e+00,3.8346422045e+01,3.3575745987e+01
3.1339827282e+00,3.8155824541e+01,4.7203729072e+01
3.2388636223e+00,3.8668562887e+01,3.6438375444e+01
3.1022464443e+00,3.9432435539e+01,3.9441108845e+01
2.9393741468e+00,3.8977819088e+01,4.4602592572e+01
2.9087421040e+00,3.9144542114e+01,5.0745539214e+01
3.1092037737e+00,4.0092863152e+01,3.2010487664e+01
2.9718607320e+00,4.0259860493e+01,3.2728294530e+01
3.0007843392e+00,4.0259541286e+01,3.5733749640e+01
3.3724009365e+00,4.0188223454e+01,3.7825738404e+01
2.9228265643e+00,3.9724377170e+01,4.7664201929e+01
3.0110951420e+00,4.0235450013e+01,4.9114107914e+01
3.3557478037e+00,4.0510861921e+01,4.0628010051e+01
3.1976592380e+00,4.0512157237e+01,4.0516524381e+01
3.1754899835e+00,4.1497188958e+01,4.5362407834e+01
2.7727227097e+00,4.1466283758e+01,4.6055360369e+01
3.4896407596e+00,4.0706489446e+01,4.8337297603e+01
3.4795944232e+00,4.2719148452e+01,3.7796322529e+01
3.3423540888e+00,4.3012962769e+01,3.9818734427e+01
2.7235935305e+00,4.3229536071e+01,4.6371928126e+01
2.7071123209e+00,4.2679842123e+01,4.8004270259e+01
3.3001796466e+00,4.3744970990e+01,3.2632950367e+01
3.1027875488e+00,4.4008182090e+01,3.6165526654e+01
3.3664617534e+00,4.4390537510e+01,3.8316023554e+01
2.8398722261e+00,4.3578824987e+01,3.9315852941e+01
3.2778977444e+00,4.3970029191e+01,4.7722523747e+01
3.2791436892e+00,4.3969845413e+01,4.9728622109e+01
3.0880454081e+00,4.4509334621e+01,3.4142397573e+01
3.2912489784e+00,4.4916637434e+01,3.6389806455e+01
3.3251561298e+00,4.6403090905e+01,3.4491787808e+01
3.3454338815e+00,4.6067832877e+01,4.0672027447e+01
3.0843201311e+00,4.6267221248e+01,4.3353205172e+01
2.9299657545e+00,4.5781618859e+01,4.5612203358e+01
2.9134152315e+00,4.5821566105e+01,4.6192632542e+01
3.0139756962e+00,4.7014851423e+01,4.4008749771e+01
3.2390536074e+00,4.7656633783e+01,4.3557599962e+01
3.4556936839e+00,4.7853918190e+01,4.4895738631e+01
2.8170002015e+00,4.9449473761e+01,4.1935533790e+01
3.4957902356e+00,5.0376713746e+01,3.8453197832e+01
2.9561386738e+00,4.9913043561e+01,3.8619456404e+01
3.0416068624e+00,5.0266724761e+01,4.1753561190e+01
4.4843730086e+00,3.1451199861e+01,3.9409615644e+01
3.8361150164e+00,3.2338153612e+01,3.6443885353e+01
4.1747197426e+00,3.2203907487e+01,3.9195530838e+01
4.4656933188e+00,3.1510689993e+01,4.1568605518e+01
3.5168832800e+00,3.1709058893e+01,4.3467656841e+01
4.2116708849e+00,3.1995012257e+01,4.4274391375e+01
3.7334588427e+00,3.3091470089e+01,3.5986512667e+01
4.3305428206e+00,3.2622150377e+01,3.7167509193e+01
4.0387672414e+00,3.3238248665e+01,3.8991054449e+01
4.2921488565e+00,3.3135744182e+01,4.2187402833e+01
3.9515740854e+00,3.3471797867e+01,4.2338733907e+01
4.4698341016e+00,3.2635106863e+01,4.5723824319e+01
3.5069967767e+00,3.4295251867e+01,3.5456926298e+01
4.4994960895e+00,3.3568231337e+01,3.6387468344e+01
4.1912009600e+00,3.3503175018e+01,4.0182992601e+01
3.9258908017e+00,3.4462768684e+01,3.9706199700e+01
4.1103826185e+00,3.3640343989e+01,4.0842104644e+01
4.1589075381e+00,3.3673408938e+01,4.3611374652e+01
4.1421333984e+00,3.4266940418e+01,4.3727536167e+01
4.0589065108e+00,3.3665683917e+01,4.4333292763e+01
4.1360475728e+00,3.4952472422e+01,3.7080061905e+01
4.1929093022e+00,3.5444606815e+01,3.7565137978e+01
4.1326777688e+00,3.4598043376e+01,3.8762724881e+01
3.8665337259e+00,3.4788923201e+01,3.9187435768e+01
4.0653657954e+00,3.4578594012e+01,4.0542140646e+01
4.4686168015e+00,3.4713756600e+01,4.0516202786e+01
4.0037880594e+00,3.4734677352e+01,4.2137387526e+01
4.4250533840e+00,3.4627307554e+01,4.3624912040e+01
4.4614796999e+00,3.4888426809e+01,4.4110956800e+01
3.9829077275e+00,3.5263396505e+01,4.4563369406e+01
4.1389430744e+00,3.5208305726e+01,4.5353343941e+01
3.5492241341e+00,3.5255196396e+01,4.6085881331e+01
4.2288705168e+00,3.5446313049e+01,4.7425976946e+01
4.4579185620e+00,3.6098548316e+01,3.4136528224e+01
3.7508769425e+00,3.6382007371e+01,3.4886267468e+01
4.1260182721e+00,3.5537862428e+01,4.2545694803e+01
4.3022079598e+00,3.6929240653e+01,3.1866372305e+01
4.2658714578e+00,3.6920025416e+01,3.6510913568e+01
3.7696281715e+00,3.6555319115e+01,3.8837101612e+01
4.2391564869e+00,3.6853022052e+01,4.0205074857e+01
4.1820901546e+00,3.7076128916e+01,4.0447336709e+01
3.7774857981e+00,3.6555376988e+01,3.9841226335e+01
3.8233621708e+00,3.6645489526e+01,4.5885186996e+01
4.2109683441e+00,3.7459306038e+01,4.7551566266e+01
3.9234817977e+00,3.8019114473e+01,3.3260536656e+01
4.2552042744e+00,3.7523904241e+01,3.5436474500e+01
4.1774396322e+00,3.8031394067e+01,3.5836942980e+01
3.7872229017e+00,3.8124787163e+01,3.5837445762e+01
4.0596460188e+00,3.8463033880e+01,3.6792095854e+01
4.1163244545e+00,3.8410416437e+01,3.9008254917e+01
4.3702291745e+00,3.7659996427e+01,4.4574152553e+01
4.0273151728e+00,3.8061563283e+01,4.6098156001e+01
4.3584261401e+00,3.7866407005e+01,4.6555552924e+01
4.4238948319e+00,3.7516288532e+01,4.7966109094e+01
4.0000709509e+00,3.8475789339e+01,4.7576785223e+01
3.9648187007e+00,3.8486734776e+01,5.0481233548e+01
4.1936382212e+00,3.9013887431e+01,3.2224450044e+01
4.3059934490e+00,3.9460337403e+01,3.4653197371e+01
3.5126883107e+00,3.8868193575e+01,3.5467425895e+01
4.2574957187e+00,3.9201637753e+01,3.7424074186e+01
4.3664378016e+00,3.9109668680e+01,3.9336805001e+01
4.2848419136e+00,3.8793807314e+01,4.0599189176e+01
3.8727866639e+00,3.9122371620e+01,4.1034921255e+01
3.8798648607e+00,3.9122410746e+01,4.2038965881e+01
3.6727456999e+00,3.9213598466e+01,4.3301811522e+01
4.2860745043e+00,3.8881099389e+01,4.3162898943e+01
4.1953950097e+00,3.8590146640e+01,4.4311737689e+01
3.7474432102e+00,3.8673568112e+01,4.4560620807e+01
3.5075407800e+00,3.8845193496e+01,4.5748110681e+01
3.9946277755e+00,3.8776841849e+01,4.7617047465e+01
3.9697835390e+00,3.8524016419e+01,4.9979174067e+01
4.2446448254e+00,3.9728592148e+01,3.2939629336e+01
4.4490218921e+00,4.0235122281e+01,3.4791481168e+01
4.2413035211e+00,3.9728611295e+01,3.6076879795e+01
3.9239416984e+00,4.0430933533e+01,3.7043824741e+01
4.0174757357e+00,4.0476645365e+01,3.7660083808e+01
4.2754315660e+00,3.9973619493e+01,4.1827823947e+01
4.1520667866e+00,4.0241805335e+01,4.1771593732e+01
3.9684075073e+00,4.0332376609e+01,4.2214312886e+01
4.0598362944e+00,3.9704574710e+01,4.4336398890e+01
4.1252748361e+00,4.0329643214e+01,4.4499221779e+01
3.6487406437e+00,3.9872524617e+01,4.4947860514e+01
3.5473032160e+00,4.0016526589e+01,4.5605925910e+01
3.8161767672e+00,3.9838406154e+01,4.7800318425e+01
4.1167665239e+00,4.0804206819e+01,3.2014864882e+01
3.7952681703e+00,4.0834548341e+01,3.1690641105e+01
3.7548098558e+00,4.1362911222e+01,3.4468753989e+01
3.7759133434e+00,4.0658987505e+01,3.5351887558e+01
4.0102377839e+00,4.0921007658e+01,3.6366476867e+01
3.8482521594e+00,4.1406454998e+01,4.1021345537e+01
3.5705540312e+00,4.1242671579e+01,4.3745743073e+01
4.0611160479e+00,4.1151312052e+01,4.7760433976e+01
4.0122053349e+00,4.1191005759e+01,4.7862654570e+01
4.2663681976e+00,4.0990169046e+01,4.7773928426e+01
3.5542579982e+00,4.0863359789e+01,4.9253084201e+01
3.8420668959e+00,4.1406046728e+01,5.0088240238e+01
4.0557122594e+00,4.0932953750e+01,5.0637906108e+01
4.4925409004e+00,4.0518863600e+01,5.0525888482e+01
3.7775164518e+00,4.1657165389e+01,3.2144437122e+01
3.5340533164e+00,4.2406269049e+01,3.3428177492e+01
3.7908013275e+00,4.2078021588e+01,3.3820448043e+01
3.5981081914e+00,4.2305858282e+01,4.0085272369e+01
4.2554519216e+00,4.2043920058e+01,4.2454000893e+01
3.6492246887e+00,4.2053827470e+01,4.2505543677e+01
4.0843632362e+00,4.2362529399e+01,4.5946196874e+01
3.5830836771e+00,4.2054072187e+01,4.7375170232e+01
3.7820614284e+00,4.2201656567e+01,4.9075870882e+01
3.8860259604e+00,4.1964294878e+01,4.9869387048e+01
4.4167702831e+00,4.2567061575e+01,3.1651326109e+01
4.3162261785e+00,4.2726661985e+01,3.4371615663e+01
3.7047452807e+00,4.2561997660e+01,3.4879544355e+01
4.3931799396e+00,4.3140711618e+01,3.7008685234e+01
3.7629046683e+00,4.2858446969e+01,3.6625827046e+01
3.6667471444e+00,4.3192669271e+01,3.9270153227e+01
4.4011495967e+00,4.2890370857e+01,4.3128171142e+01
4.2422486842e+00,4.2899227722e+01,4.4282845497e+01
4.3060570193e+00,4.2948976700e+01,4.4636986110e+01
4.1460863562e+00,4.3348227987e+01,4.5535217277e+01
4.2487079515e+00,4.2899380200e+01,4.8299620161e+01
4.4910496292e+00,4.3494410341e+01,4.9323168869e+01
3.6235109972e+00,4.2501934348e+01,4.9254948131e+01
4.4552035218e+00,4.2971318057e+01,4.9895895678e+01
4.0649661281e+00,4.3048655588e+01,5.0232570848e+01
3.7807915068e+00,4.2768620145e+01,5.0429420252e+01
4.2034754907e+00,4.3793532256e+01,3.3825943797e+01
3.9546385546e+00,4.4001451026e+01,3.4110671873e+01
4.3020228087e+00,4.4049537371e+01,3.3615580301e+01
4.3652306149e+00,4.4109796511e+01,3.5268667401e+01
4.1127603654e+00,4.4008991844e+01,3.5291772733e+01
3.9104323514e+00,4.4025145193e+01,3.7802450208e+01
4.4952928512e+00,4.4293420826e+01,4.1531100100e+01
4.4811259367e+00,4.4137592237e+01,4.6644424672e+01
4.3001881894e+00,4.3711276507e+01,4.7465175064e+01
4.2042408708e+00,4.4163017105e+01,4.6868514828e+01
4.4293504452e+00,4.3750191581e+01,4.8268605142e+01
3.6226017847e+00,4.4452968763e+01,4.8410596728e+01
3.6015259425e+00,4.4031153086e+01,4.7963925798e+01
3.7247232735e+00,4.5138964994e+01,3.2873786710e+01
3.8601667005e+00,4.5450967022e+01,3.3600743160e+01
4.0606045122e+00,4.4600565277e+01,3.8335276075e+01
4.2478849827e+00,4.5222915058e+01,4.0233261824e+01
4.2128493396e+00,4.5463533224e+01,4.3294476179e+01
4.2480151945e+00,4.5164768638e+01,4.5392931924e+01
4.3901937150e+00,4.5170046249e+01,4.7378490415e+01
3.9499695555e+00,4.5466935085e+01,4.6966377650e+01
4.3818946104e+00,4.5518810268e+01,3.2089643074e+01
4.4537935651e+00,4.5542227274e+01,3.4940535309e+01
4.1204736203e+00,4.5773995419e+01,3.7411962707e+01
4.3585525933e+00,4.5918092725e+01,3.9289658822e+01
3.8740255568e+00,4.5577030719e+01,3.9246838790e+01
4.2676873399e+00,4.6393857562e+01,4.1040382578e+01
4.2274235586e+00,4.5737790679e+01,4.1842478129e+01
4.1551656154e+00,4.6268750444e+01,4.6437137407e+01
4.1295456191e+00,4.5584336248e+01,4.7364653732e+01
4.3748657569e+00,4.6968259830e+01,3.3321970696e+01
3.8781610463e+00,4.6554335057e+01,3.4027027938e+01
4.2627187760e+00,4.6883137626e+01,3.5039507975e+01
3.5508565440e+00,4.7316942973e+01,3.5308712371e+01
4.0639414992e+00,4.6613601672e+01,3.5907038864e+01
4.1884249380e+00,4.6983838876e+01,3.6243810329e+01
4.3586135377e+00,4.6709056359e+01,3.8140667884e+01
4.1741726643e+00,4.7203492027e+01,3.7711747231e+01
3.9457706399e+00,4.6961082890e+01,3.8051358187e+01
4.3649448027e+00,4.6628617884e+01,4.1410105091e+01
3.7311814712e+00,4.7016712514e+01,4.3271379866e+01
3.5375116286e+00,4.6629514466e+01,4.4102431362e+01
3.5638190406e+00,4.6582966892e+01,4.5753303871e+01
3.8381848012e+00,4.8493293994e+01,3.8396385713e+01
4.1898132319e+00,4.7819884997e+01,4.5627772141e+01
4.2982060306e+00,4.9068666320e+01,3.5250209659e+01
3.9519441209e+00,4.8899042736e+01,3.6846668638e+01
4.2245325987e+00,4.9376867416e+01,4.4193440213e+01
4.2073326729e+00,4.9132212123e+01,4.6279317803e+01
4.0179952214e+00,4.8631989240e+01,4.7257516393e+01
3.9084429450e+00,4.9695933744e+01,3.6262972105e+01
3.7962942682e+00,5.0018459464e+01,3.6705982154e+01
4.3578854073e+00,5.0097827050e+01,3.8718289816e+01
3.6627844973e+00,5.0662308367e+01,4.3368779768e+01
4.6270457740e+00,3.1371071186e+01,4.0719412815e+01
5.0433256386e+00,3.1244892201e+01,4.2070106978e+01
5.3590305224e+00,3.2060276064e+01,3.6709230503e+01
5.3295618803e+00,3.2123412052e+01,3.6526513220e+01
4.6529694712e+00,3.1899554043e+01,3.7028556298e+01
5.3805647613e+00,3.1639784485e+01,3.9216256725e+01
4.7200120635e+00,3.2222790302e+01,3.9648921083e+01
5.1310727087e+00,3.1901237408e+01,4.1402790208e+01
4.9194845688e+00,3.2331428174e+01,4.0679419550e+01
4.5473037542e+00,3.2365765788e+01,4.1085849856e+01
5.4094883469e+00,3.2051280131e+01,4.3685650427e+01
5.3616749495e+00,3.1553786899e+01,4.4023631172e+01
5.3243557503e+00,3.2934924475e+01,3.5304786140e+01
5.0047902156e+00,3.3136937689e+01,3.6722471175e+01
4.7704265712e+00,3.2588677253e+01,3.6795750573e+01
5.0600386369e+00,3.2834268794e+01,3.8097402576e+01
5.4860747034e+00,3.3142743754e+01,3.8859156188e+01
4.8903135206e+00,3.3269587903e+01,3.9201162380e+01
4.8595946383e+00,3.3172471973e+01,4.1122578996e+01
4.6908819145e+00,3.3019962931e+01,4.1151993094e+01
5.1128850757e+00,3.3384865914e+01,4.1528406341e+01
5.3649115120e+00,3.3023488275e+01,4.2601243579e+01
5.0197037074e+00,3.3147374135e+01,4.4099381529e+01
4.6907027297e+00,3.3339308692e+01,4.4152155823e+01
5.4061576501e+00,3.2727185859e+01,4.4576379234e+01
4.7808261190e+00,3.2719368457e+01,4.5348081299e+01
4.7747563815e+00,3.3785209759e+01,3.6318580326e+01
5.0033810628e+00,3.3530326958e+01,3.6861133123e+01
5.4945410094e+00,3.4434512921e+01,3.6861106522e+01
4.6174245382e+00,3.3900692663e+01,3.8826539165e+01
4.5013998680e+00,3.3613997583e+01,3.9490708074e+01
5.3156503804e+00,3.3926862564e+01,4.0262892941e+01
4.9368467661e+00,3.3721274518e+01,4.0068702311e+01
5.0555053966e+00,3.4485518157e+01,4.0492343997e+01
4.6529139019e+00,3.3590725188e+01,4.1272041263e+01
5.3847046366e+00,3.3824401065e+01,4.3050409482e+01
5.3206933314e+00,3.3856890485e+01,4.4843415524e+01
5.0546608557e+00,3.3524103132e+01,4.5566158759e+01
5.0338136041e+00,3.3954025203e+01,4.6237809292e+01
4.9767330665e+00,3.4173394150e+01,4.5727446208e+01
4.6996139867e+00,3.5297756344e+01,3.3284567647e+01
5.1712493018e+00,3.5415922560e+01,3.7348212284e+01
4.8612516790e+00,3.5404549898e+01,3.8808723615e+01
4.6464681628e+00,3.5138182402e+01,3.8994248219e+01
4.9767861563e+00,3.5296806025e+01,3.9922100780e+01
4.6033158875e+00,3.4643615077e+01,4.0314301109e+01
4.9692420767e+00,3.4842320511e+01,4.3067422965e+01
5.3605699683e+00,3.4838702091e+01,4.2919301311e+01
5.1742823508e+00,3.4907030881e+01,4.3721245671e+01
4.8677288961e+00,3.5485335824e+01,4.3706250628e+01
5.4462291561e+00,3.4879067813e+01,4.5021429253e+01
4.8334210907e+00,3.5376833491e+01,4.5381165342e+01
5.2977847018e+00,3.5420429914e+01,4.7433841000e+01
5.2483183741e+00,3.5037764213e+01,4.8975656678e+01
4.8318898006e+00,3.5444713473e+01,4.8630514835e+01
4.7347134812e+00,3.6254897327e+01,3.2300972748e+01
4.6982100702e+00,3.6171686675e+01,3.5166887829e+01
5.0174035871e+00,3.6145093450e+01,3.5879461770e+01
4.8752535161e+00,3.6030829537e+01,3.6496986467e+01
5.4194159307e+00,3.5568025480e+01,3.8526391960e+01
4.9067143775e+00,3.5942538171e+01,3.8686374073e+01
4.6031624403e+00,3.5521381009e+01,4.0485254149e+01
4.5577547597e+00,3.6212374873e+01,4.0825594846e+01
4.6607889171e+00,3.5699180367e+01,4.1551173347e+01
4.9284991152e+00,3.6314739368e+01,4.1817394108e+01
5.4322087678e+00,3.5735391410e+01,4.4901882935e+01
4.9433671403e+00,3.5816111563e+01,4.4954443273e+01
4.5127223128e+00,3.5632767822e+01,4.5300231325e+01
5.1668179546e+00,3.5907385762e+01,4.5532074599e+01
5.2103670073e+00,3.5626819654e+01,4.7401357078e+01
5.1677307098e+00,3.5805664482e+01,4.7887613528e+01
5.0529189323e+00,3.6405217489e+01,4.8338042424e+01
4.9604923421e+00,3.6150239648e+01,4.8207875451e+01
4.9888566984e+00,3.6661120386e+01,3.3390819634e+01
5.4766221719e+00,3.7436658083e+01,3.6404859629e+01
5.4701851719e+00,3.6750757997e+01,3.6072599647e+01
5.1626589040e+00,3.7233435084e+01,3.6035624182e+01
5.0688255280e+00,3.7166552125e+01,3.6253757600e+01
5.0614926073e+00,3.7365760447e+01,3.6407700759e+01
5.3123483171e+00,3.6712983328e+01,3.7456354811e+01
4.6990007095e+00,3.7493871024e+01,3.7509976957e+01
5.3262693850e+00,3.6950368958e+01,3.9286792336e+01
5.0696540399e+00,3.6806595998e+01,3.9359368451e+01
5.0329933844e+00,3.6851821733e+01,3.9243703977e+01
4.7117611238e+00,3.7169066947e+01,4.0290226929e+01
4.7142001636e+00,3.7238388488e+01,4.1046463081e+01
4.6710102730e+00,3.6509845706e+01,4.1611898068e+01
5.3789661681e+00,3.6833659316e+01,4.3295797737e+01
5.3489402572e+00,3.6743076498e+01,4.2547066106e+01
5.3811205557e+00,3.7077513921e+01,4.3747853470e+01
4.9628917399e+00,3.7317668280e+01,4.5524165093e+01
5.0369832290e+00,3.7148720111e+01,4.9948787786e+01
5.0609293874e+00,3.8450497696e+01,3.1428617674e+01
4.9530599680e+00,3.8153656009e+01,3.2425181147e+01
5.1425188825e+00,3.7668450295e+01,3.3256015930e+01
5.3884080754e+00,3.8354860174e+01,3.3939478694e+01
5.2913664477e+00,3.7719654799e+01,3.4145273318e+01
4.7639670343e+00,3.8485493975e+01,3.4045464898e+01
4.8077469860e+00,3.7970550698e+01,3.4683102063e+01
4.5709075488e+00,3.7656787621e+01,3.5018099100e+01
4.5810586803e+00,3.7995030114e+01,3.5701987196e+01
4.7774803118e+00,3.8054289746e+01,3.7242642967e+01
5.0420416959e+00,3.8125966051e+01,3.7647099817e+01
4.8871043141e+00,3.7914677932e+01,3.7503636878e+01
4.9779719809e+00,3.8487216816e+01,3.9334357672e+01
5.2899653217e+00,3.8239454082e+01,4.0244775168e+01
4.8105642289e+00,3.7595239096e+01,4.3903459303e+01
5.0512865481e+00,3.7548472301e+01,4.6772670548e+01
4.9235019400e+00,3.8447868580e+01,4.7494613291e+01
4.5149733650e+00,3.8312414949e+01,4.7070460744e+01
5.0134544030e+00,3.7709936234e+01,4.7828098055e+01
5.4239257660e+00,3.8101095652e+01,4.8990899088e+01
5.0985202346e+00,3.8304532722e+01,4.9741723974e+01
5.2299414227e+00,3.9469621217e+01,3.4662870648e+01
4.8163692298e+00,3.9453530028e+01,3.4503411817e+01
4.7208220181e+00,3.9293108598e+01,3.6136910299e+01
5.3393471356e+00,3.9309153367e+01,3.7073436895e+01
5.4806044829e+00,3.9019019407e+01,3.7691320223e+01
5.4681298408e+00,3.8979273451e+01,3.9252610978e+01
5.2521898957e+00,3.8846048570e+01,4.2317934393e+01
5.1899596233e+00,3.8712621988e+01,4.3890832331e+01
4.8170155354e+00,3.9094644885e+01,4.3919573812e+01
5.0463061865e+00,3.9301346056e+01,4.5597490368e+01
4.6859084198e+00,3.8898760994e+01,4.8049508523e+01
5.4535974968e+00,4.0463647705e+01,3.2869673018e+01
4.6190789791e+00,4.0025274316e+01,3.2738540151e+01
5.0913006277e+00,3.9589237463e+01,3.5340855968e+01
4.9460002722e+00,3.9668668653e+01,3.6089499088e+01
5.3439018178e+00,3.9793346021e+01,3.6754688473e+01
5.4517018795e+00,4.0457394576e+01,3.8295928061e+01
4.6731857565e+00,4.0024983555e+01,3.8764627672e+01
4.6263436010e+00,4.0129824640e+01,3.8600405567e+01
5.4339121799e+00,3.9853503272e+01,4.0478572204e+01
4.9781579127e+00,4.0359199486e+01,4.0697882860e+01
4.8773435304e+00,4.0203459958e+01,4.3450686372e+01
5.4599754622e+00,3.9670551545e+01,4.4014443699e+01
5.3633200866e+00,3.9693439655e+01,4.3736346508e+01
4.9782663321e+00,3.9978730863e+01,4.3791089950e+01
4.6640767176e+00,4.0129137459e+01,4.3646396733e+01
5.0112718964e+00,4.0468286360e+01,4.4777826438e+01
5.0723962514e+00,4.0273279914e+01,4.5604462371e+01
4.9638653190e+00,3.9552281897e+01,4.6554320192e+01
4.6593520496e+00,4.0342584885e+01,4.7181989343e+01
5.0296640140e+00,4.0463805007e+01,4.8248554009e+01
5.2491849847e+00,3.9902072256e+01,4.9142384957e+01
5.0556828406e+00,3.9541446004e+01,4.9345738840e+01
4.9311866189e+00,3.9661216867e+01,5.0288727007e+01
4.5589726097e+00,4.0272823830e+01,4.9553256796e+01
4.9072035685e+00,3.9501761670e+01,5.0985685112e+01
4.7109685077e+00,4.0822845021e+01,3.1865073161e+01
4.6113825894e+00,4.0796460145e+01,3.1817811726e+01
5.3319949482e+00,4.0735476952e+01,3.3045562821e+01
4.8429661349e+00,4.0902589263e+01,3.3094100325e+01
5.2104318548e+00,4.0926937907e+01,3.4716592096e+01
5.2876178078e+00,4.0898268844e+01,3.7471805699e+01
5.0866230556e+00,4.1315729181e+01,3.6592920226e+01
5.4166469903e+00,4.0627530367e+01,3.9111450971e+01
5.3556867963e+00,4.0912712281e+01,4.0204257354e+01
5.0862660943e+00,4.0618343925e+01,3.9707636461e+01
5.4390102607e+00,4.1491937483e+01,4.1318050624e+01
5.0457049688e+00,4.0782439516e+01,4.3127441873e+01
5.1026171114e+00,4.0833572593e+01,4.5152094647e+01
5.0844425292e+00,4.1250511044e+01,4.6463767535e+01
5.2041521941e+00,4.0907734580e+01,4.8642660858e+01
5.1138544964e+00,4.1117529280e+01,4.9446539531e+01
4.6178949096e+00,4.0641392781e+01,4.9246591636e+01
4.6304996365e+00,4.0850910223e+01,5.0851880516e+01
5.2850607899e+00,4.2177339459e+01,3.1035572211e+01
4.6938015960e+00,4.2336851511e+01,3.4100577192e+01
4.8112617694e+00,4.1620049852e+01,3.6392233519e+01
4.6565727671e+00,4.2208731728e+01,3.5612282299e+01
5.1925468009e+00,4.2076646233e+01,3.9580200856e+01
5.2097409776e+00,4.1659178968e+01,4.1258989401e+01
5.4760967549e+00,4.1825739630e+01,4.4423440429e+01
5.0519158831e+00,4.1827846502e+01,4.3862118102e+01
5.0598172549e+00,4.2462817448e+01,4.8041724860e+01
4.8019692240e+00,4.1989784520e+01,4.8899321422e+01
5.2104942705e+00,4.2826203129e+01,3.2429549227e+01
5.4655765751e+00,4.2695897360e+01,3.3159169598e+01
4.5334844280e+00,4.3372434883e+01,3.2858098489e+01
5.4165930305e+00,4.3179389415e+01,3.4686716852e+01
5.2693274216e+00,4.2965996524e+01,3.4810551482e+01
4.8644069637e+00,4.2875374568e+01,3.6157503093e+01
4.8421412938e+00,4.3193467625e+01,3.6849116737e+01
4.9011281930e+00,4.2918402360e+01,3.9032245317e+01
4.6088467788e+00,4.3438013085e+01,4.0488079559e+01
5.4727689652e+00,4.2500403439e+01,4.0090062606e+01
4.8544675094e+00,4.2575084864e+01,4.0499927062e+01
5.3140179250e+00,4.2784602993e+01,4.1128112464e+01
5.0517155405e+00,4.3348368141e+01,4.2074739591e+01
5.3847910897e+00,4.3240803549e+01,4.3907114755e+01
4.9894065081e+00,4.3135091477e+01,4.4331873339e+01
4.6949020207e+00,4.2636620650e+01,4.4344018360e+01
5.3281189226e+00,4.3052784913e+01,4.4647032380e+01
4.9458767246e+00,4.2841155756e+01,4.5142489794e+01
4.8393098531e+00,4.3056429545e+01,4.5484946344e+01
5.2337008214e+00,4.2976338101e+01,4.9058793050e+01
5.1831069839e+00,4.3039665540e+01,5.0307405914e+01
5.2844770131e+00,4.3741311368e+01,3.3040924004e+01
5.2282155730e+00,4.4474374719e+01,3.3217231834e+01
5.4192473787e+00,4.3613377655e+01,3.5115826410e+01
4.7812199736e+00,4.3890528023e+01,3.6472444876e+01
4.7252117730e+00,4.3555407088e+01,3.5722389534e+01
4.9171096768e+00,4.4262931343e+01,3.6031026235e+01
5.4225971860e+00,4.4079621919e+01,3.7537277708e+01
4.7900104046e+00,4.4186616117e+01,3.8889967326e+01
4.6461141798e+00,4.3833455371e+01,4.1530880311e+01
5.1830333427e+00,4.3701942161e+01,4.6351459260e+01
5.0418605090e+00,4.4262871501e+01,4.6582820698e+01
4.7204773537e+00,4.3985206176e+01,4.8617506562e+01
4.7910570148e+00,4.5062101489e+01,3.2411798391e+01
4.9013676023e+00,4.5262369176e+01,3.2764757133e+01
4.6348407134e+00,4.5251243424e+01,3.7565344439e+01
4.8356491856e+00,4.5118363564e+01,4.1460065241e+01
5.2335661165e+00,4.4800324923e+01,4.2092207149e+01
5.2679353020e+00,4.5293616750e+01,4.1908417800e+01
5.0941229709e+00,4.5279182728e+01,4.3597777490e+01
5.0078645204e+00,4.5260407372e+01,4.4224699678e+01
4.9562977410e+00,4.4548064668e+01,4.4397360867e+01
4.6621804924e+00,4.4527990782e+01,4.3876282465e+01
4.9088255606e+00,4.4878350875e+01,4.5796250142e+01
5.3140859738e+00,4.6268851601e+01,3.3150192045e+01
5.3259381293e+00,4.5575404316e+01,3.3646351108e+01
5.2640120461e+00,4.6069482763e+01,3.4997257204e+01
5.2122851025e+00,4.6010762999e+01,3.6460603340e+01
5.1861661864e+00,4.6117067476e+01,3.6854281708e+01
5.4680779651e+00,4.6335994382e+01,3.7867753537e+01
4.5069840679e+00,4.5880439528e+01,4.0926782462e+01
4.9009108526e+00,4.6442059084e+01,4.1615104801e+01
5.1923187644e+00,4.6296511885e+01,4.4091472823e+01
5.3310335802e+00,4.5853705591e+01,4.6061042280e+01
5.2487243792e+00,4.6028260894e+01,4.5915956186e+01
5.0030262895e+00,4.6014171551e+01,4.6117519960e+01
4.7704688817e+00,4.6090876705e+01,4.7020739225e+01
4.6678875968e+00,4.6439528927e+01,4.6847796298e+01
4.5006840224e+00,4.5723953501e+01,4.6943366622e+01
5.0374234548e+00,4.6937160614e+01,3.2918733641e+01
5.4961055314e+00,4.7201503115e+01,3.4126596121e+01
4.8778758308e+00,4.6869146703e+01,3.5125658435e+01
5.0907869183e+00,4.7289684752e+01,3.6142793086e+01
5.4992251344e+00,4.6517299002e+01,3.6380809959e+01
4.8773341202e+00,4.7130962515e+01,3.6494194571e+01
5.0660395023e+00,4.6883883017e+01,3.6689642339e+01
5.4997164037e+00,4.7317217957e+01,3.7989386989e+01
5.3534738854e+00,4.7103736912e+01,3.8782467856e+01
5.3432884340e+00,4.6931485044e+01,3.9692014099e+01
5.1346508444e+00,4.7070681478e+01,4.0366669500e+01
4.6544396997e+00,4.6915088554e+01,4.0631615867e+01
4.9389521532e+00,4.7090619783e+01,4.2286566115e+01
5.2598335479e+00,4.6723716700e+01,4.2848344850e+01
5.4696992204e+00,4.7418555429e+01,4.3932845082e+01
4.9535336461e+00,4.6718585044e+01,4.3815511627e+01
5.0825421979e+00,4.6916626231e+01,4.4965777849e+01
5.3178844748e+00,4.7276472534e+01,4.5663558857e+01
5.3579325127e+00,4.8128742641e+01,3.4048067082e+01
5.0303745739e+00,4.7655693794e+01,3.3674336907e+01
5.0002280682e+00,4.8268830224e+01,3.4909605979e+01
5.2822460403e+00,4.8143922865e+01,3.4561329318e+01
5.2360587230e+00,4.8251874877e+01,3.5591892683e+01
5.3091858527e+00,4.7856493701e+01,3.6971655832e+01
4.7713476467e+00,4.7661500410e+01,3.7214911844e+01
5.2735436468e+00,4.8253065277e+01,3.7623303470e+01
5.0790693173e+00,4.8016924256e+01,4.2428372827e+01
4.8729292955e+00,4.8417259006e+01,4.4991950449e+01
4.9993191544e+00,4.8555912665e+01,3.6107732308e+01
4.6167617570e+00,4.8514761156e+01,3.7165823444e+01
4.7214152979e+00,4.9267484904e+01,3.7739613135e+01
4.6687748551e+00,4.9409749032e+01,3.7588755272e+01
4.6748769897e+00,4.9071543804e+01,3.9127779811e+01
4.8832156960e+00,4.9330260784e+01,4.0268103532e+01
5.2469322158e+00,4.9483688227e+01,4.0502561384e+01
5.0937436598e+00,4.9240989897e+01,4.0602704491e+01
4.6134381025e+00,4.8853720600e+01,4.0522146670e+01
5.4789428217e+00,4.9158500940e+01,4.2230008218e+01
4.7037822388e+00,4.8535907113e+01,4.3791659605e+01
4.6318401233e+00,4.8596513828e+01,4.4250313361e+01
5.2992765259e+00,4.9368037238e+01,4.5117484569e+01
5.3647458983e+00,4.9154137837e+01,4.5460331968e+01
4.6716428148e+00,4.9498260545e+01,4.5351210025e+01
4.6647034099e+00,4.8874366372e+01,4.4504375523e+01
4.9655601674e+00,4.9577952174e+01,3.7259851239e+01
4.9353390223e+00,5.0416194416e+01,4.0125750217e+01
4.6173173329e+00,4.9646063569e+01,4.0593504406e+01
5.2923588367e+00,5.0194118870e+01,4.2528283318e+01
5.4149126546e+00,4.9507438655e+01,4.4809873657e+01
5.2184975774e+00,5.0690305739e+01,4.1770386452e+01
5.6162878416e+00,3.1403095735e+01,3.9428153238e+01
5.8553665125e+00,3.1260816541e+01,3.9608792866e+01
5.9202924919e+00,3.1211121474e+01,4.3219467135e+01
5.8026062278e+00,3.1985521617e+01,3.9422814087e+01
5.8768787758e+00,3.1671398597e+01,4.2014712802e+01
6.4018691666e+00,3.2363693898e+01,4.3839880451e+01
5.7971242719e+00,3.2257938194e+01,4.5617011973e+01
6.1213839593e+00,3.3498791033e+01,3.7454097843e+01
5.9602610799e+00,3.3034195066e+01,3.7584228778e+01
5.7922071312e+00,3.3027103972e+01,3.9885259459e+01
6.2140395228e+00,3.3206836649e+01,4.1793680882e+01
6.1612451671e+00,3.2740404908e+01,4.2681604682e+01
5.7614508828e+00,3.2866378090e+01,4.2968957980e+01
5.9776444586e+00,3.2868689640e+01,4.3547368783e+01
5.5205545378e+00,3.2981396342e+01,4.4445660828e+01
6.3629026893e+00,3.2775637087e+01,4.5948461839e+01
5.7209717887e+00,3.4167504119e+01,3.4796040612e+01
5.8993771031e+00,3.3978213636e+01,3.7834477578e+01
5.5248995626e+00,3.4469184251e+01,4.0479282025e+01
5.7929676771e+00,3.3729209458e+01,4.1604876083e+01
5.7424721649e+00,3.5392380318e+01,3.5373932568e+01
6.3874454645e+00,3.4893479586e+01,4.4067108952e+01
5.7238779216e+00,3.5283219886e+01,4.4388281755e+01
5.6015717004e+00,3.5129019241e+01,4.4752703063e+01
6.0871629063e+00,3.5467656913e+01,4.6202664740e+01
5.8938772736e+00,3.4661906912e+01,4.8439166073e+01
6.1384149386e+00,3.5093630937e+01,4.8933785922e+01
6.3241558542e+00,3.5730263528e+01,3.4354219788e+01
5.8163632910e+00,3.6381576625e+01,3.3741350664e+01
5.6736038070e+00,3.6191815348e+01,3.3707568122e+01
5.7134257312e+00,3.6170506917e+01,3.4965279262e+01
6.0664378652e+00,3.5572784109e+01,3.8469140376e+01
5.7760770141e+00,3.5781070996e+01,3.9119483980e+01
6.1771853321e+00,3.5554155414e+01,3.9687686934e+01
6.1563623900e+00,3.6264614014e+01,3.9919498400e+01
6.4709687392e+00,3.5781297418e+01,4.1659343226e+01
6.0381995086e+00,3.6463739701e+01,4.1853376341e+01
5.9940526404e+00,3.6373450759e+01,4.9064957599e+01
6.4619096481e+00,3.6570762649e+01,3.2409207438e+01
6.0959259915e+00,3.7327146263e+01,3.1809349260e+01
6.3406938680e+00,3.7485350511e+01,3.2346827796e+01
6.4685577400e+00,3.6929766535e+01,3.4424252818e+01
5.9221918289e+00,3.7382375329e+01,3.3722737252e+01
5.6251876293e+00,3.7427049603e+01,3.4601417543e+01
6.2846203373e+00,3.7279028478e+01,3.5908589403e+01
5.9409348238e+00,3.6770529789e+01,4.0156897586e+01
5.5324190253e+00,3.6929738946e+01,4.1912155888e+01
6.3578908390e+00,3.6765377650e+01,4.3158991155e+01
5.6950054158e+00,3.6819689797e+01,4.3857390137e+01
6.0187324719e+00,3.6622919576e+01,4.4628023679e+01
5.8070265696e+00,3.7303818576e+01,4.6850118104e+01
6.3309049806e+00,3.6714942313e+01,4.8266748487e+01
6.3823162082e+00,3.7152907503e+01,4.8978670704e+01
5.8148306528e+00,3.6785763559e+01,4.8960241144e+01
6.4547239438e+00,3.8393402365e+01,3.1165455490e+01
6.2090625267e+00,3.7740015320e+01,3.4664677313e+01
5.8291196781e+00,3.7528469714e+01,3.8489613428e+01
5.8913094577e+00,3.8275000106e+01,4.1757610333e+01
6.4059882906e+00,3.7633548645e+01,4.3196213031e+01
5.7605493655e+00,3.8085083557e+01,4.3063908238e+01
5.6549332230e+00,3.8364357201e+01,4.3166921534e+01
5.6392898282e+00,3.7956807706e+01,4.4248934890e+01
6.1756012683e+00,3.8491152779e+01,4.5116454546e+01
6.4232507591e+00,3.8291601511e+01,4.5618005681e+01
5.9040497375e+00,3.8475065403e+01,4.6390268351e+01
6.0457355797e+00,3.7746877797e+01,4.6887759791e+01
6.0242801501e+00,3.8329318360e+01,4.7141529686e+01
6.4940932999e+00,3.8219774362e+01,4.8111799463e+01
6.3365490745e+00,3.8326036044e+01,4.8954043317e+01
6.2197741169e+00,3.7677566551e+01,4.8667439013e+01
5.8154386276e+00,3.7703527369e+01,4.8688198303e+01
6.3221834950e+00,3.8826942359e+01,3.0961594660e+01
5.5732791311e+00,3.8704096550e+01,3.3460423102e+01
6.0734435571e+00,3.9110137293e+01,3.3632203296e+01
6.4505719698e+00,3.9021230543e+01,3.5810224922e+01
5.8269707096e+00,3.9143542939e+01,3.7618015174e+01
5.7896120236e+00,3.8661850443e+01,4.0292184939e+01
5.9588308502e+00,3.9379605867e+01,4.1991383982e+01
5.6284755905e+00,3.9116773853e+01,4.1671449583e+01
6.3256377368e+00,3.8880830178e+01,4.3195160906e+01
5.7413569141e+00,3.9174202705e+01,4.3352635744e+01
6.0319726960e+00,3.9307753938e+01,4.6170143153e+01
5.8894919141e+00,3.9326990991e+01,4.6698940080e+01
6.4341783360e+00,3.9471488457e+01,4.8443548260e+01
5.8873930348e+00,3.9191578851e+01,4.8369906546e+01
6.1746469592e+00,3.9351510895e+01,5.0626534117e+01
5.9229457190e+00,3.9033424942e+01,5.0694152627e+01
6.0809047500e+00,4.0481292558e+01,3.1284259941e+01
6.1984232250e+00,3.9990529926e+01,3.1471526220e+01
5.7376973907e+00,4.0079894451e+01,3.1589089847e+01
5.8302400980e+00,3.9735426248e+01,3.3164578179e+01
5.8325152188e+00,4.0261695901e+01,3.4825473781e+01
6.0621317777e+00,4.0087396770e+01,3.8489028585e+01
5.6555743233e+00,3.9703317233e+01,4.0246948308e+01
5.9814791703e+00,4.0190950980e+01,4.3021604744e+01
5.5328761133e+00,4.0099555578e+01,4.3336479437e+01
5.9845141747e+00,4.0314294660e+01,4.5310953077e+01
6.0500437336e+00,3.9822727085e+01,4.7328536560e+01
5.5131476300e+00,3.9778935834e+01,4.7021466814e+01
6.4175909764e+00,4.0454189206e+01,4.9764587900e+01
5.7888872905e+00,4.1164294153e+01,3.2729836188e+01
6.4435570978e+00,4.1106520878e+01,3.4016294154e+01
6.0466077544e+00,4.0720936499e+01,3.5815112789e+01
6.2018305914e+00,4.0868256859e+01,3.6748400316e+01
5.9572339621e+00,4.0805706843e+01,3.6649683517e+01
5.7144417842e+00,4.0889129720e+01,3.7126938639e+01
6.4194424302e+00,4.1106335614e+01,3.8415501829e+01
5.9303151981e+00,4.1151243127e+01,4.0319452388e+01
5.5771687797e+00,4.1058692967e+01,4.1318232498e+01
5.7848183678e+00,4.0602253409e+01,4.3312151435e+01
6.4390533354e+00,4.0620384639e+01,4.3558566050e+01
5.5783672278e+00,4.0670908853e+01,4.4939719329e+01
6.2220114351e+00,4.1375042462e+01,4.5703275492e+01
6.1958428907e+00,4.0663361567e+01,4.7706724289e+01
5.6324271764e+00,4.0906060498e+01,4.8487237459e+01
6.1418774256e+00,4.0902149553e+01,4.9157630238e+01
5.6895887184e+00,4.1340593548e+01,4.9098998627e+01
5.7920791445e+00,4.1189156762e+01,5.0604472132e+01
6.2967569533e+00,4.2460272926e+01,3.1764153723e+01
6.2347576025e+00,4.1584610827e+01,3.1915518766e+01
6.1204342912e+00,4.2459406066e+01,3.5582335696e+01
5.7557547969e+00,4.1593022060e+01,3.6062081679e+01
5.8209422489e+00,4.1907333141e+01,3.7725875987e+01
5.8171014609e+00,4.2159268297e+01,3.8758154124e+01
6.1408478444e+00,4.2040608921e+01,4.0201604923e+01
5.8054196233e+00,4.1777199837e+01,3.9997946769e+01
5.9603861325e+00,4.1980318563e+01,4.1407853843e+01
5.8036189220e+00,4.1583423876e+01,4.1389139703e+01
5.7835431590e+00,4.2362377079e+01,4.2148479962e+01
6.2661752405e+00,4.2109821672e+01,4.2518258313e+01
6.3609439378e+00,4.2141447493e+01,4.5388181258e+01
5.7720757528e+00,4.1652196675e+01,4.4537574057e+01
5.9013848131e+00,4.2129511068e+01,4.5514643188e+01
5.5065973257e+00,4.2090138869e+01,4.7475498878e+01
5.8738834940e+00,4.1960503820e+01,4.9146175999e+01
5.7434619690e+00,4.2310381903e+01,4.9940406382e+01
6.0424748547e+00,4.2243647855e+01,5.0891888799e+01
6.3405921256e+00,4.2994518206e+01,3.1374158786e+01
6.4066696600e+00,4.3020241219e+01,3.3011103709e+01
6.4849505808e+00,4.3125473856e+01,3.5733938224e+01
6.0568010802e+00,4.3419229757e+01,3.7540915655e+01
6.1380235573e+00,4.3027955329e+01,3.8597442121e+01
6.1890069741e+00,4.3327002158e+01,4.1928915734e+01
6.1078263900e+00,4.3194582594e+01,4.1642842861e+01
5.5171641896e+00,4.3236016108e+01,4.1530987035e+01
6.0183735732e+00,4.2552046346e+01,4.4682583542e+01
5.5423417229e+00,4.3201796380e+01,4.5227731628e+01
6.2695300841e+00,4.2653571059e+01,4.8871922115e+01
5.6405519300e+00,4.2988700533e+01,4.9694282342e+01
6.1192557772e+00,4.4013231097e+01,3.5628926298e+01
5.9174775036e+00,4.3948927760e+01,3.5807083185e+01
5.9383530816e+00,4.4099584348e+01,3.8707725548e+01
5.8448830127e+00,4.3593320435e+01,3.8920060791e+01
6.2555479098e+00,4.4466802378e+01,4.1484646000e+01
5.5991752226e+00,4.3524090295e+01,4.0961409834e+01
6.3169045546e+00,4.3685100741e+01,4.2345269640e+01
5.9772482588e+00,4.3975711716e+01,4.1857336480e+01
5.7051416957e+00,4.3816481612e+01,4.1622344549e+01
6.2637424604e+00,4.4274946751e+01,4.5446633012e+01
5.6667118773e+00,4.3660830385e+01,4.5536995733e+01
5.9772272266e+00,4.3877973899e+01,4.8380425787e+01
5.6469835133e+00,4.3714983990e+01,4.9816936689e+01
5.5366747237e+00,4.3531502536e+01,5.0716784957e+01
5.5000389472e+00,4.4700519782e+01,3.2460109029e+01
6.4141254506e+00,4.4998053732e+01,3.2750949386e+01
5.9991655110e+00,4.4998122365e+01,3.9226803707e+01
5.6047967844e+00,4.5209883145e+01,4.2521046918e+01
6.0213253789e+00,4.4936673918e+01,4.4135210375e+01
6.3513948355e+00,4.5338215117e+01,4.5862817141e+01
5.6423694230e+00,4.5374229824e+01,4.7549434811e+01
5.9982991029e+00,4.4706787358e+01,4.9680482283e+01
5.8966390718e+00,4.5983907601e+01,3.2808271831e+01
6.0451863546e+00,4.6150241410e+01,3.4017650703e+01
5.8429055992e+00,4.5595960347e+01,3.4416334655e+01
5.6626384423e+00,4.5599874479e+01,3.4928121006e+01
6.2941488618e+00,4.5760236420e+01,3.8343068766e+01
5.6083387484e+00,4.6146668906e+01,3.9171058143e+01
5.6484358122e+00,4.6410516201e+01,4.0773782796e+01
5.9038561730e+00,4.6018844885e+01,4.1640410817e+01
5.9156463756e+00,4.5504712621e+01,4.1574182913e+01
6.0898528999e+00,4.6374351628e+01,4.2988691331e+01
5.8772771171e+00,4.6439807992e+01,4.2551870862e+01
6.2071606419e+00,4.6114434205e+01,4.6198525728e+01
5.5278767618e+00,4.6108547613e+01,4.5568190023e+01
6.3803277817e+00,4.5721976442e+01,4.8479094440e+01
6.2015340348e+00,4.5852283597e+01,4.8546312284e+01
6.0560832694e+00,4.6884451736e+01,3.2780429056e+01
5.5160147529e+00,4.6530339474e+01,3.9698332884e+01
6.3922056798e+00,4.7466177168e+01,4.2528326483e+01
6.2172467555e+00,4.7315109847e+01,4.2602369523e+01
5.9241559008e+00,4.6684123087e+01,4.6320805403e+01
5.5142780631e+00,4.6511489763e+01,4.6460892728e+01
6.3765526144e+00,4.6891030846e+01,4.8229000006e+01
6.1711195833e+00,4.7160177105e+01,4.8350847619e+01
5.5310484784e+00,4.7353463262e+01,4.8089918218e+01
5.9743031371e+00,4.6565580850e+01,4.9325779493e+01
5.8727988970e+00,4.7738849770e+01,3.4253414535e+01
6.2424559899e+00,4.7967557956e+01,3.5193523310e+01
6.1356214561e+00,4.8194545103e+01,3.4893114644e+01
6.2509002247e+00,4.7800564598e+01,3.6364088296e+01
6.1449534089e+00,4.8440047361e+01,3.8319538725e+01
5.7450178601e+00,4.8139140295e+01,3.8072754699e+01
5.7748340716e+00,4.8000955219e+01,3.9805766464e+01
5.9954916171e+00,4.7788590535e+01,4.0904641786e+01
5.5515819057e+00,4.8289423173e+01,4.1289989081e+01
6.1102133995e+00,4.8119992410e+01,4.1749391791e+01
6.2459036787e+00,4.8328546969e+01,4.3564202344e+01
5.6420910598e+00,4.8202440842e+01,4.4424302776e+01
6.3923309620e+00,4.8049113917e+01,4.4890582810e+01
6.3802923978e+00,4.8154015210e+01,4.5461991937e+01
5.6952392126e+00,4.8125502985e+01,4.5455715833e+01
5.5140208098e+00,4.7860245906e+01,4.5052650454e+01
5.8312252127e+00,4.9091608228e+01,3.5043489289e+01
5.9848786164e+00,4.9296954525e+01,3.9590876203e+01
6.3000872634e+00,4.9075520861e+01,4.0664969521e+01
5.7925183328e+00,4.9294716563e+01,4.3596232326e+01
6.1526719909e+00,4.9758814126e+01,3.7656714027e+01
5.6718249176e+00,5.0297301335e+01,3.9417379642e+01
6.2024311032e+00,4.9604299048e+01,4.0821477847e+01
6.4529456035e+00,5.0158019505e+01,4.2122873395e+01
5.7704049901e+00,5.0390249984e+01,4.4020020324e+01
6.2039672596e+00,4.9605838136e+01,4.4942182303e+01
5.7954641188e+00,5.0796254285e+01,3.8644145563e+01
6.3892283275e+00,5.0576367698e+01,4.1441148519e+01
6.3272419071e+00,5.0567264979e+01,4.1467224094e+01
5.5165247767e+00,5.0964787213e+01,4.2935809982e+01
6.3878808648e+00,5.0706199409e+01,4.4091680617e+01
6.5745280657e+00,3.2379354979e+01,3.9069009453e+01
6.5258058868e+00,3.2030069737e+01,3.9507809649e+01
7.3763507608e+00,3.2358638580e+01,4.5611697881e+01
7.4081732444e+00,3.3047107869e+01,3.4526651155e+01
6.6489827623e+00,3.3376686049e+01,3.5680538530e+01
7.1522661468e+00,3.2931477041e+01,4.2179570265e+01
6.5108056762e+00,3.3124387012e+01,4.2947317844e+01
7.0065251760e+00,3.3401148700e+01,4.6810252327e+01
7.2262821029e+00,3.4002963124e+01,3.6367875665e+01
7.4065817509e+00,3.4284228777e+01,3.7708310907e+01
6.8679921863e+00,3.3977433973e+01,3.8216686079e+01
6.5288315277e+00,3.4364874620e+01,3.7757863694e+01
7.4871150531e+00,3.4362180720e+01,3.8695809059e+01
7.1522912218e+00,3.3522135696e+01,3.8697544769e+01
6.5753513639e+00,3.4483591323e+01,3.8544228793e+01
6.7106639553e+00,3.4772695789e+01,3.4760362394e+01
6.6578106773e+00,3.5047293459e+01,3.6763941552e+01
6.5848763462e+00,3.4710360787e+01,3.6988113161e+01
7.3454618310e+00,3.5370258348e+01,3.9946783560e+01
6.9370764063e+00,3.5177682366e+01,4.3475071917e+01
7.2382391410e+00,3.4744474870e+01,4.5970233616e+01
7.2622620865e+00,3.4987735023e+01,4.6705594689e+01
6.9668460196e+00,3.6362816981e+01,3.2361799820e+01
7.0959700197e+00,3.6024317708e+01,3.4368176963e+01
6.6857860363e+00,3.6067950374e+01,3.8628335632e+01
6.7176716460e+00,3.5728485856e+01,4.0261914698e+01
6.6756309348e+00,3.5594587637e+01,4.3329311193e+01
6.5539838203e+00,3.5743709159e+01,4.3851044560e+01
7.3934818444e+00,3.6129180444e+01,4.5293798821e+01
6.8418723187e+00,3.5826223686e+01,4.5189143517e+01
6.6653260358e+00,3.6342893785e+01,4.4764874239e+01
6.6540673712e+00,3.6135134886e+01,4.5122386362e+01
7.0259090914e+00,3.6706196472e+01,3.2218548292e+01
6.8328558314e+00,3.7341659056e+01,3.2170193392e+01
7.0742193777e+00,3.7064349106e+01,4.0512976385e+01
6.8212151022e+00,3.6818163632e+01,4.1450392078e+01
6.5299003080e+00,3.7045202233e+01,4.8895219388e+01
6.5923438431e+00,3.7731723611e+01,3.3786528754e+01
7.0088478734e+00,3.8409798886e+01,3.5069077041e+01
7.2024894825e+00,3.8004828940e+01,3.7784117334e+01
6.6258004265e+00,3.7645654901e+01,3.8875618320e+01
6.5104866622e+00,3.8219700432e+01,4.1403950449e+01
6.5530149663e+00,3.8053527515e+01,4.3231656877e+01
6.7513645847e+00,3.7754094415e+01,4.5006628703e+01
6.8544895766e+00,3.8363287781e+01,5.0395750490e+01
6.7254374458e+00,3.8712316359e+01,3.2254431142e+01
7.3364041962e+00,3.9293744539e+01,3.4755416368e+01
6.5054810343e+00,3.9321439498e+01,3.8067285943e+01
6.8081944914e+00,3.9113762324e+01,3.8841502716e+01
7.3936385736e+00,3.8714350608e+01,4.0540240670e+01
6.9919157252e+00,3.9291590144e+01,4.1540543298e+01
7.0613885341e+00,3.8721441540e+01,4.4026378677e+01
6.8357862878e+00,3.9111848765e+01,4.3994215919e+01
6.8317340333e+00,3.9344252702e+01,4.3817213418e+01
7.1854404703e+00,3.9475251656e+01,4.5307226512e+01
6.8692910180e+00,3.8947169462e+01,4.6255090978e+01
6.8777074028e+00,3.8804407072e+01,4.7287608688e+01
7.0739475989e+00,3.8665070717e+01,4.9776102204e+01
6.5223453463e+00,3.9989310631e+01,3.1103305574e+01
6.9991799087e+00,4.0332220128e+01,3.2962197819e+01
6.9818589961e+00,4.0137928512e+01,3.7092574772e+01
6.5407191848e+00,3.9788424324e+01,3.8466392206e+01
7.2986016479e+00,4.0101899191e+01,4.2544355347e+01
7.2015828328e+00,4.0463618576e+01,4.4322157333e+01
7.1384037574e+00,4.0185857714e+01,4.6263599102e+01
6.7464624409e+00,4.0145476914e+01,4.7041832862e+01
6.8476440854e+00,4.0273077844e+01,4.8634049605e+01
6.7905599439e+00,3.9955399303e+01,5.0421960561e+01
6.8409177781e+00,4.0841294188e+01,3.1176640009e+01
7.1450982883e+00,4.0757941042e+01,3.2085033366e+01
6.7131262697e+00,4.1178640897e+01,3.2805186823e+01
6.6896117537e+00,4.1143003299e+01,3.3495357570e+01
7.3556195275e+00,4.0969484144e+01,3.5155292888e+01
7.3415266799e+00,4.1131022065e+01,3.9282106177e+01
7.0213399064e+00,4.0597040986e+01,4.1732504348e+01
7.0111463574e+00,4.0691354867e+01,4.6718664438e+01
6.8625116848e+00,4.1057315845e+01,4.8319528843e+01
7.4863701917e+00,4.0888464691e+01,5.0721081535e+01
6.6333484524e+00,4.2337882175e+01,3.3768408477e+01
6.9783908501e+00,4.1689073593e+01,3.7321127584e+01
6.8832805000e+00,4.2038698591e+01,3.6915159474e+01
6.7679822585e+00,4.1655052977e+01,3.7479068330e+01
6.5048927888e+00,4.2290347965e+01,3.9754419429e+01
6.7819072173e+00,4.2397765967e+01,4.0635960363e+01
6.7574320840e+00,4.2380545139e+01,4.4239032289e+01
6.9020925402e+00,4.2071030174e+01,4.6971401301e+01
6.7040760891e+00,4.1931602603e+01,4.7631477929e+01
7.4301157796e+00,4.2662486460e+01,3.1309311552e+01
6.7586981454e+00,4.3486684693e+01,3.2561173664e+01
6.6056546964e+00,4.3196193239e+01,3.2825545336e+01
7.1960496065e+00,4.3475452277e+01,3.5587390990e+01
7.3977860507e+00,4.2750816706e+01,4.5352719927e+01
6.8170832057e+00,4.3155633109e+01,4.6496576784e+01
6.8101041624e+00,4.3313253048e+01,4.5606516630e+01
6.9787211810e+00,4.3220208000e+01,4.9109960578e+01
6.8547314936e+00,4.2826036042e+01,5.0821225688e+01
6.9612286355e+00,4.3512296670e+01,3.1629576548e+01
6.5036008951e+00,4.3814437797e+01,3.3382364816e+01
7.2957687498e+00,4.4236002825e+01,3.8910809599e+01
7.1231857308e+00,4.4132031054e+01,4.0391441568e+01
7.4639165926e+00,4.4447025159e+01,4.8622030561e+01
7.1546141282e+00,4.3799571028e+01,5.0598504877e+01
7.4309228416e+00,4.4661019716e+01,3.4153760262e+01
7.1941687822e+00,4.5284598299e+01,3.7866154035e+01
7.4346830956e+00,4.4875186975e+01,4.0067057508e+01
6.6488524064e+00,4.5252725127e+01,3.9731539691e+01
6.8610294210e+00,4.4664759775e+01,4.0936871010e+01
6.7191281286e+00,4.5115665941e+01,4.1495533026e+01
6.5603181307e+00,4.4952485224e+01,4.1396077990e+01
6.8699146832e+00,4.5146857495e+01,4.2149601113e+01
6.5453069080e+00,4.5196794638e+01,4.3315588755e+01
6.5645338290e+00,4.4843585273e+01,4.7368828129e+01
7.2444614480e+00,4.5012329065e+01,5.0223018991e+01
7.3510060478e+00,4.5651127899e+01,3.2203515346e+01
7.4898963825e+00,4.6336414968e+01,3.2803324954e+01
6.7437445112e+00,4.6434306841e+01,3.3976947721e+01
6.5908318495e+00,4.6136798145e+01,3.8084582642e+01
7.1464264335e+00,4.6064986509e+01,4.4939326960e+01
6.8282279133e+00,4.5622734415e+01,4.6595575657e+01
7.3956806059e+00,4.7152070192e+01,3.5869465275e+01
7.0163786282e+00,4.6942150008e+01,3.9185048870e+01
7.2471963073e+00,4.7282816087e+01,3.9675511983e+01
6.8670139117e+00,4.6641924504e+01,4.0866301218e+01
7.1951807654e+00,4.7357335554e+01,4.3617422841e+01
6.6024572165e+00,4.7428696738e+01,4.5030768451e+01
6.6505017011e+00,4.7400636137e+01,4.5987136397e+01
6.7468055049e+00,4.7258323891e+01,4.6901608501e+01
7.2379266956e+00,4.7765015958e+01,3.8149682089e+01
6.6042692063e+00,4.7894840601e+01,4.3325444139e+01
6.7368294282e+00,4.9460867228e+01,3.7671950940e+01
6.9432012095e+00,4.9033459713e+01,4.1308053695e+01
6.8729606439e+00,4.9321812078e+01,4.2747748405e+01
6.6280088854e+00,5.0411962052e+01,4.1360992115e+01
6.7030997086e+00,4.9661198881e+01,4.1721153539e+01
6.6010819416e+00,5.0253891443e+01,4.4349637596e+01
6.9930222959e+00,4.9658134713e+01,4.5225664386e+01
6.7830244355e+00,4.9871563183e+01,4.6102492509e+01
6.5803589307e+00,5.0996183936e+01,4.2340779985e+01
7.6672148861e+00,3.2291866118e+01,4.6332843101e+01
7.7611157312e+00,3.3475135050e+01,3.3957772127e+01
7.9837986056e+00,3.3301151540e+01,3.5248627234e+01
7.5906833153e+00,3.3180002022e+01,4.6946999199e+01
7.6463880568e+00,3.3923752516e+01,3.6385844312e+01
7.8220896307e+00,3.3588318541e+01,3.6763538830e+01
7.7521063747e+00,3.3812402901e+01,3.6596065352e+01
7.5684871568e+00,3.3631009111e+01,4.5698132329e+01
7.6359664919e+00,3.5209222900e+01,4.1413702716e+01
7.7196486064e+00,3.6071358548e+01,3.3475203443e+01
7.6723344610e+00,3.7236791183e+01,3.6562464505e+01
7.5348606961e+00,3.7031915456e+01,3.8595964343e+01
7.6203758591e+00,3.6954098260e+01,4.3928086373e+01
7.6859170273e+00,3.7087194977e+01,4.9079777492e+01
7.5227186657e+00,3.7771003660e+01,3.9483380505e+01
8.1624091455e+00,3.8914737414e+01,3.7827460256e+01
8.0305456901e+00,3.9467724276e+01,4.2935069721e+01
7.6240458543e+00,3.9682570982e+01,4.8044288067e+01
7.5494498601e+00,4.1431514270e+01,3.8920688446e+01
7.8483409604e+00,4.2721385952e+01,3.4407919980e+01
7.8215196026e+00,4.3449343394e+01,3.5215257673e+01
7.6144839955e+00,4.2692618929e+01,3.9302521182e+01
7.8758400615e+00,4.2585635689e+01,4.0292604062e+01
7.5326264168e+00,4.2603393614e+01,4.9683479309e+01
7.7280359893e+00,4.3842333262e+01,4.5582644937e+01
7.7565682792e+00,4.6287016213e+01,3.9823614308e+01
7.7572980077e+00,4.6372084918e+01,4.1969907961e+01
7.5908265796e+00,4.7039054227e+01,4.3803411019e+01
7.8597416364e+00,4.8017995157e+01,4.8513139172e+01
7.8386832809e+00,4.9874918814e+01,3.7847647115e+01
7.5987910677e+00,5.0765957578e+01,3.8046569586e+01
